Flight date:   10/03/2019
Airport: FAOR  ==>>  HAAB
Time[min], Latitude[deg], Longitude[deg], Altitude[km]
-0.0, -26.0871, 28.2523, 2057.0
0.2, -26.0731, 28.2566, 2126.0
0.6, -26.0531, 28.263, 2248.0
0.9, -26.0326, 28.2701, 2385.0
1.2, -26.017, 28.2826, 2530.0
1.4, -26.0067, 28.3021, 2652.0
1.7, -26.0016, 28.3278, 2873.0
2.5, -25.9875, 28.3975, 3216.0
2.9, -25.9729, 28.4315, 3338.0
3.4, -25.9475, 28.4734, 3620.0
3.9, -25.9207, 28.5176, 3962.0
4.4, -25.8914, 28.5657, 4321.0
4.9, -25.8637, 28.6111, 4572.0
5.4, -25.8351, 28.6581, 4839.0
5.9, -25.806, 28.706, 5075.0
6.4, -25.7776, 28.7526, 5319.0
6.9, -25.7465, 28.8037, 5601.0
7.4, -25.7163, 28.8532, 5799.0
7.8, -25.6927, 28.8893, 6027.0
8.4, -25.6469, 28.9456, 6363.0
8.9, -25.6086, 28.9926, 6637.0
9.4, -25.5719, 29.0374, 6828.0
10.0, -25.5339, 29.084, 7010.0
10.5, -25.495, 29.1314, 7201.0
11.0, -25.4579, 29.1766, 7384.0
11.5, -25.4179, 29.2254, 7597.0
12.0, -25.3785, 29.2735, 7780.0
12.5, -25.3395, 29.321, 7940.0
13.0, -25.2996, 29.3695, 8108.0
13.5, -25.2598, 29.4178, 8252.0
14.0, -25.2185, 29.4682, 8397.0
14.5, -25.1793, 29.5157, 8542.0
15.0, -25.1362, 29.5679, 8687.0
15.5, -25.0943, 29.6185, 8839.0
16.0, -25.0536, 29.6678, 8976.0
16.5, -25.0113, 29.7189, 9114.0
17.0, -24.9707, 29.7679, 9235.0
17.5, -24.9263, 29.8214, 9365.0
18.0, -24.8834, 29.873, 9495.0
18.5, -24.8397, 29.9255, 9609.0
19.0, -24.7962, 29.9779, 9708.0
19.5, -24.7522, 30.0307, 9815.0
20.0, -24.7076, 30.0841, 9921.0
20.5, -24.6635, 30.1368, 10066.0
21.0, -24.6185, 30.1906, 10234.0
21.5, -24.5759, 30.2417, 10386.0
22.0, -24.5312, 30.2952, 10516.0
22.5, -24.4874, 30.3474, 10638.0
23.0, -24.444, 30.3991, 10668.0
23.6, -24.386, 30.4679, 10668.0
24.1, -24.342, 30.5201, 10668.0
24.6, -24.2979, 30.5724, 10668.0
25.1, -24.2541, 30.6243, 10668.0
25.6, -24.2105, 30.676, 10668.0
26.1, -24.1675, 30.7268, 10668.0
26.6, -24.1225, 30.78, 10668.0
27.1, -24.0794, 30.8308, 10668.0
27.6, -24.0353, 30.8828, 10668.0
28.1, -23.9912, 30.9349, 10668.0
28.6, -23.947, 30.9869, 10668.0
29.1, -23.9025, 31.0391, 10668.0
29.6, -23.8588, 31.0903, 10668.0
30.1, -23.815, 31.1416, 10668.0
30.7, -23.7632, 31.202, 10668.0
31.3, -23.7115, 31.2625, 10668.0
31.8, -23.668, 31.3135, 10668.0
32.3, -23.6233, 31.3658, 10668.0
32.8, -23.5793, 31.4171, 10668.0
33.3, -23.535, 31.4685, 10668.0
33.8, -23.4907, 31.5201, 10668.0
34.3, -23.4457, 31.5695, 10668.0
35.0, -23.3756, 31.6313, 10668.0
35.5, -23.3261, 31.6756, 10668.0
36.3, -23.2512, 31.7414, 10668.0
36.8, -23.2012, 31.7847, 10668.0
37.3, -23.1512, 31.8279, 10668.0
37.8, -23.1021, 31.8703, 10668.0
38.3, -23.0532, 31.9129, 10668.0
38.8, -23.0029, 31.9567, 10668.0
39.3, -22.9526, 32.0005, 10668.0
39.8, -22.9033, 32.045, 10668.0
40.3, -22.8556, 32.0885, 10668.0
41.0, -22.7823, 32.1547, 10668.0
41.5, -22.7326, 32.1994, 10668.0
42.3, -22.6593, 32.2651, 10668.0
42.8, -22.6085, 32.3107, 10668.0
43.3, -22.5591, 32.3549, 10668.0
43.8, -22.51, 32.3989, 10668.0
44.8, -22.409, 32.4892, 10668.0
45.3, -22.3583, 32.5346, 10668.0
46.8, -22.2086, 32.6681, 10668.0
47.3, -22.1582, 32.7128, 10668.0
48.3, -22.0602, 32.7999, 10668.0
48.8, -22.01, 32.8449, 10668.0
49.3, -21.9609, 32.8897, 10668.0
49.8, -21.9114, 32.9348, 10668.0
51.4, -21.745, 33.0583, 10668.0
57.6, -20.9506, 33.1446, 10668.0
58.1, -20.8851, 33.1515, 10668.0
58.6, -20.8227, 33.1583, 10668.0
63.3, -20.2121, 33.2225, 10668.0
63.8, -20.1473, 33.2293, 10668.0
64.8, -20.0248, 33.2419, 10668.0
65.8, -19.8904, 33.2562, 10668.0
66.3, -19.8234, 33.2632, 10668.0
72.0, -19.0877, 33.3396, 10668.0
73.2, -18.9244, 33.3564, 10668.0
73.7, -18.8605, 33.3631, 10668.0
74.2, -18.7951, 33.3699, 10668.0
74.7, -18.7305, 33.3766, 10668.0
75.2, -18.6658, 33.3832, 10668.0
75.7, -18.6012, 33.3899, 10668.0
76.3, -18.5363, 33.3966, 10668.0
77.7, -18.3436, 33.4164, 10668.0
78.6, -18.2416, 33.4269, 10668.0
79.6, -18.112, 33.4402, 10668.0
80.1, -18.0475, 33.4468, 10668.0
80.6, -17.9838, 33.4533, 10668.0
81.1, -17.9197, 33.4599, 10668.0
81.6, -17.8546, 33.4666, 10668.0
82.1, -17.7891, 33.4732, 10668.0
82.6, -17.7246, 33.4799, 10668.0
83.1, -17.6591, 33.4866, 10668.0
83.7, -17.5815, 33.4945, 10668.0
84.2, -17.5158, 33.5011, 10668.0
85.1, -17.3985, 33.5131, 10668.0
85.6, -17.3334, 33.5197, 10668.0
86.1, -17.2693, 33.5262, 10668.0
86.6, -17.2035, 33.5329, 10668.0
87.1, -17.1405, 33.5393, 10668.0
87.9, -17.0308, 33.5503, 10668.0
88.5, -16.9492, 33.5584, 10668.0
89.9, -16.7712, 33.5762, 10668.0
90.7, -16.6683, 33.5863, 10668.0
91.2, -16.6033, 33.5927, 10668.0
91.7, -16.5316, 33.5998, 10668.0
92.4, -16.45, 33.6078, 10668.0
92.9, -16.3827, 33.6144, 10668.0
93.4, -16.3174, 33.6209, 10668.0
93.9, -16.2547, 33.6272, 10668.0
94.4, -16.1904, 33.6335, 10668.0
94.9, -16.1241, 33.6397, 10668.0
95.5, -16.045, 33.6418, 10668.0
97.0, -15.8541, 33.6461, 10668.0
99.2, -15.5729, 33.6589, 10668.0
108.6, -14.3915, 33.8199, 11278.0
109.4, -14.2879, 33.8415, 11278.0
109.9, -14.2238, 33.855, 11278.0
110.4, -14.1601, 33.8684, 11278.0
110.9, -14.0972, 33.8817, 11278.0
111.4, -14.0336, 33.895, 11278.0
111.9, -13.9696, 33.9085, 11278.0
112.4, -13.9067, 33.9216, 11278.0
112.9, -13.843, 33.9351, 11278.0
113.4, -13.7806, 33.9481, 11278.0
113.9, -13.7166, 33.9616, 11278.0
114.4, -13.654, 33.9747, 11278.0
114.9, -13.5907, 33.9878, 11278.0
115.4, -13.5267, 34.0011, 11278.0
115.9, -13.4653, 34.0139, 11278.0
174.0, -6.1947, 35.4686, 11278.0
178.5, -5.6368, 35.5883, 11278.0
179.0, -5.5722, 35.6021, 11278.0
181.5, -5.2584, 35.6692, 11278.0
182.0, -5.1953, 35.6827, 11278.0
182.5, -5.1323, 35.6962, 11278.0
186.0, -4.6895, 35.7906, 11278.0
186.5, -4.6247, 35.8043, 11285.0
187.0, -4.5605, 35.8181, 11278.0
187.5, -4.4971, 35.8318, 11278.0
188.0, -4.4323, 35.8457, 11278.0
188.5, -4.3682, 35.8594, 11278.0
189.4, -4.2643, 35.8815, 11278.0
189.9, -4.2015, 35.8948, 11278.0
190.5, -4.1139, 35.9135, 11278.0
191.0, -4.0499, 35.9271, 11278.0
191.9, -3.9445, 35.9496, 11278.0
192.4, -3.8809, 35.9631, 11278.0
192.9, -3.8175, 35.9765, 11278.0
193.4, -3.7547, 35.9898, 11278.0
193.9, -3.6913, 36.0033, 11278.0
194.5, -3.6078, 36.021, 11278.0
195.0, -3.5457, 36.0344, 11278.0
195.5, -3.4825, 36.0478, 11278.0
196.0, -3.4204, 36.0611, 11278.0
196.5, -3.3586, 36.0742, 11278.0
197.0, -3.2946, 36.0878, 11278.0
197.5, -3.2325, 36.1011, 11278.0
198.0, -3.1699, 36.1144, 11278.0
198.5, -3.1203, 36.1235, 11278.0
199.1, -3.0322, 36.1185, 11278.0
199.6, -2.9663, 36.113, 11278.0
200.1, -2.9007, 36.1075, 11278.0
200.6, -2.8357, 36.103, 11278.0
201.6, -2.7094, 36.1209, 11278.0
202.2, -2.6332, 36.1357, 11278.0
202.7, -2.5694, 36.1481, 11278.0
203.2, -2.505, 36.1605, 11278.0
203.8, -2.4408, 36.1729, 11278.0
204.3, -2.377, 36.1851, 11278.0
205.2, -2.2514, 36.2094, 11278.0
205.7, -2.188, 36.2219, 11278.0
206.3, -2.1235, 36.2345, 11278.0
206.8, -2.0608, 36.2465, 11278.0
207.3, -1.9963, 36.259, 11278.0
207.8, -1.9338, 36.271, 11278.0
208.3, -1.8717, 36.283, 11278.0
208.8, -1.8082, 36.2953, 11278.0
209.3, -1.7445, 36.3076, 11278.0
209.8, -1.6814, 36.3199, 11278.0
210.3, -1.6181, 36.3322, 11278.0
210.8, -1.5548, 36.3444, 11278.0
211.3, -1.4914, 36.3566, 11278.0
211.8, -1.4291, 36.3686, 11278.0
212.3, -1.3658, 36.3809, 11278.0
212.8, -1.3033, 36.3928, 11278.0
213.3, -1.2402, 36.4049, 11278.0
213.8, -1.178, 36.417, 11278.0
214.3, -1.1159, 36.429, 11278.0
215.1, -1.017, 36.4482, 11278.0
215.6, -0.9527, 36.4605, 11278.0
216.1, -0.891, 36.4724, 11278.0
216.6, -0.8291, 36.4844, 11278.0
217.1, -0.7664, 36.4966, 11278.0
217.6, -0.7044, 36.5086, 11278.0
218.1, -0.643, 36.5205, 11278.0
218.6, -0.581, 36.5325, 11278.0
219.1, -0.5198, 36.5442, 11278.0
219.6, -0.4568, 36.5564, 11278.0
220.1, -0.3945, 36.5684, 11278.0
220.6, -0.3324, 36.5802, 11278.0
221.1, -0.2716, 36.5919, 11278.0
221.6, -0.209, 36.6041, 11278.0
222.1, -0.1472, 36.616, 11285.0
222.6, -0.0846, 36.6281, 11278.0
223.1, -0.0227, 36.6401, 11278.0
223.6, 0.0401, 36.6523, 11278.0
224.1, 0.1028, 36.6645, 11278.0
224.6, 0.1653, 36.6765, 11278.0
225.1, 0.2283, 36.6886, 11278.0
225.6, 0.2906, 36.7006, 11278.0
226.1, 0.3529, 36.7126, 11278.0
226.7, 0.4301, 36.7275, 11278.0
227.6, 0.54, 36.7488, 11278.0
228.1, 0.6006, 36.7605, 11278.0
228.6, 0.6636, 36.7727, 11278.0
229.2, 0.736, 36.7867, 11278.0
230.1, 0.8462, 36.8079, 11278.0
230.8, 0.9304, 36.8241, 11278.0
231.3, 0.9924, 36.8361, 11278.0
231.8, 1.0544, 36.8481, 11278.0
232.3, 1.1162, 36.8601, 11278.0
232.8, 1.1781, 36.872, 11278.0
233.3, 1.24, 36.8839, 11278.0
233.8, 1.302, 36.8958, 11285.0
234.3, 1.3625, 36.9076, 11278.0
235.3, 1.4808, 36.9307, 11278.0
235.9, 1.5601, 36.9459, 11278.0
236.4, 1.6227, 36.9578, 11278.0
236.9, 1.6858, 36.97, 11278.0
237.4, 1.749, 36.9823, 11278.0
237.9, 1.8126, 36.9945, 11278.0
238.4, 1.8755, 37.0067, 11278.0
238.9, 1.9376, 37.0187, 11278.0
239.4, 2.0021, 37.0311, 11278.0
239.9, 2.065, 37.0432, 11278.0
240.4, 2.1277, 37.0554, 11278.0
240.9, 2.1916, 37.0679, 11278.0
241.5, 2.2634, 37.0818, 11278.0
242.0, 2.3257, 37.0938, 11278.0
242.5, 2.3888, 37.1059, 11278.0
243.0, 2.452, 37.1183, 11278.0
243.5, 2.5134, 37.1302, 11278.0
244.0, 2.5743, 37.1421, 11278.0
244.5, 2.6376, 37.1543, 11278.0
245.0, 2.6996, 37.1662, 11278.0
245.5, 2.762, 37.1783, 11278.0
246.0, 2.8229, 37.19, 11278.0
246.5, 2.8846, 37.202, 11278.0
247.0, 2.9467, 37.214, 11278.0
248.0, 3.0699, 37.2379, 11278.0
248.5, 3.1311, 37.2498, 11278.0
249.0, 3.1925, 37.2617, 11278.0
250.0, 3.316, 37.2855, 11278.0
251.0, 3.4387, 37.3092, 11278.0
251.5, 3.5001, 37.3212, 11278.0
252.0, 3.5627, 37.3333, 11278.0
252.5, 3.6246, 37.3453, 11278.0
253.0, 3.6871, 37.3574, 11278.0
253.5, 3.75, 37.3696, 11278.0
254.5, 3.8759, 37.394, 11285.0
255.0, 3.9387, 37.4063, 11278.0
-0.0, -26.0871, 28.2523, 2057.0
0.2, -26.0731, 28.2566, 2126.0
0.6, -26.0531, 28.263, 2248.0
0.9, -26.0326, 28.2701, 2385.0
1.2, -26.017, 28.2826, 2530.0
1.4, -26.0067, 28.3021, 2652.0
1.7, -26.0016, 28.3278, 2873.0
2.5, -25.9875, 28.3975, 3216.0
2.9, -25.9729, 28.4315, 3338.0
3.4, -25.9475, 28.4734, 3620.0
3.9, -25.9207, 28.5176, 3962.0
4.4, -25.8914, 28.5657, 4321.0
4.9, -25.8637, 28.6111, 4572.0
5.4, -25.8351, 28.6581, 4839.0
5.9, -25.806, 28.706, 5075.0
6.4, -25.7776, 28.7526, 5319.0
6.9, -25.7465, 28.8037, 5601.0
7.4, -25.7163, 28.8532, 5799.0
7.8, -25.6927, 28.8893, 6027.0
8.4, -25.6469, 28.9456, 6363.0
8.9, -25.6086, 28.9926, 6637.0
9.4, -25.5719, 29.0374, 6828.0
10.0, -25.5339, 29.084, 7010.0
10.5, -25.495, 29.1314, 7201.0
11.0, -25.4579, 29.1766, 7384.0
11.5, -25.4179, 29.2254, 7597.0
12.0, -25.3785, 29.2735, 7780.0
12.5, -25.3395, 29.321, 7940.0
13.0, -25.2996, 29.3695, 8108.0
13.5, -25.2598, 29.4178, 8252.0
14.0, -25.2185, 29.4682, 8397.0
14.5, -25.1793, 29.5157, 8542.0
15.0, -25.1362, 29.5679, 8687.0
15.5, -25.0943, 29.6185, 8839.0
16.0, -25.0536, 29.6678, 8976.0
16.5, -25.0113, 29.7189, 9114.0
17.0, -24.9707, 29.7679, 9235.0
17.5, -24.9263, 29.8214, 9365.0
18.0, -24.8834, 29.873, 9495.0
18.5, -24.8397, 29.9255, 9609.0
19.0, -24.7962, 29.9779, 9708.0
19.5, -24.7522, 30.0307, 9815.0
20.0, -24.7076, 30.0841, 9921.0
20.5, -24.6635, 30.1368, 10066.0
21.0, -24.6185, 30.1906, 10234.0
21.5, -24.5759, 30.2417, 10386.0
22.0, -24.5312, 30.2952, 10516.0
22.5, -24.4874, 30.3474, 10638.0
23.0, -24.444, 30.3991, 10668.0
23.6, -24.386, 30.4679, 10668.0
24.1, -24.342, 30.5201, 10668.0
24.6, -24.2979, 30.5724, 10668.0
25.1, -24.2541, 30.6243, 10668.0
25.6, -24.2105, 30.676, 10668.0
26.1, -24.1675, 30.7268, 10668.0
26.6, -24.1225, 30.78, 10668.0
27.1, -24.0794, 30.8308, 10668.0
27.6, -24.0353, 30.8828, 10668.0
28.1, -23.9912, 30.9349, 10668.0
28.6, -23.947, 30.9869, 10668.0
29.1, -23.9025, 31.0391, 10668.0
29.6, -23.8588, 31.0903, 10668.0
30.1, -23.815, 31.1416, 10668.0
30.7, -23.7632, 31.202, 10668.0
31.3, -23.7115, 31.2625, 10668.0
31.8, -23.668, 31.3135, 10668.0
32.3, -23.6233, 31.3658, 10668.0
32.8, -23.5793, 31.4171, 10668.0
33.3, -23.535, 31.4685, 10668.0
33.8, -23.4907, 31.5201, 10668.0
34.3, -23.4457, 31.5695, 10668.0
35.0, -23.3756, 31.6313, 10668.0
35.5, -23.3261, 31.6756, 10668.0
36.3, -23.2512, 31.7414, 10668.0
36.8, -23.2012, 31.7847, 10668.0
37.3, -23.1512, 31.8279, 10668.0
37.8, -23.1021, 31.8703, 10668.0
38.3, -23.0532, 31.9129, 10668.0
38.8, -23.0029, 31.9567, 10668.0
39.3, -22.9526, 32.0005, 10668.0
39.8, -22.9033, 32.045, 10668.0
40.3, -22.8556, 32.0885, 10668.0
41.0, -22.7823, 32.1547, 10668.0
41.5, -22.7326, 32.1994, 10668.0
42.3, -22.6593, 32.2651, 10668.0
42.8, -22.6085, 32.3107, 10668.0
43.3, -22.5591, 32.3549, 10668.0
43.8, -22.51, 32.3989, 10668.0
44.8, -22.409, 32.4892, 10668.0
45.3, -22.3583, 32.5346, 10668.0
46.8, -22.2086, 32.6681, 10668.0
47.3, -22.1582, 32.7128, 10668.0
48.3, -22.0602, 32.7999, 10668.0
48.8, -22.01, 32.8449, 10668.0
49.3, -21.9609, 32.8897, 10668.0
49.8, -21.9114, 32.9348, 10668.0
51.4, -21.745, 33.0583, 10668.0
57.6, -20.9506, 33.1446, 10668.0
58.1, -20.8851, 33.1515, 10668.0
58.6, -20.8227, 33.1583, 10668.0
63.3, -20.2121, 33.2225, 10668.0
63.8, -20.1473, 33.2293, 10668.0
64.8, -20.0248, 33.2419, 10668.0
65.8, -19.8904, 33.2562, 10668.0
66.3, -19.8234, 33.2632, 10668.0
72.0, -19.0877, 33.3396, 10668.0
73.2, -18.9244, 33.3564, 10668.0
73.7, -18.8605, 33.3631, 10668.0
74.2, -18.7951, 33.3699, 10668.0
74.7, -18.7305, 33.3766, 10668.0
75.2, -18.6658, 33.3832, 10668.0
75.7, -18.6012, 33.3899, 10668.0
76.3, -18.5363, 33.3966, 10668.0
77.7, -18.3436, 33.4164, 10668.0
78.6, -18.2416, 33.4269, 10668.0
79.6, -18.112, 33.4402, 10668.0
80.1, -18.0475, 33.4468, 10668.0
80.6, -17.9838, 33.4533, 10668.0
81.1, -17.9197, 33.4599, 10668.0
81.6, -17.8546, 33.4666, 10668.0
82.1, -17.7891, 33.4732, 10668.0
82.6, -17.7246, 33.4799, 10668.0
83.1, -17.6591, 33.4866, 10668.0
83.7, -17.5815, 33.4945, 10668.0
84.2, -17.5158, 33.5011, 10668.0
85.1, -17.3985, 33.5131, 10668.0
85.6, -17.3334, 33.5197, 10668.0
86.1, -17.2693, 33.5262, 10668.0
86.6, -17.2035, 33.5329, 10668.0
87.1, -17.1405, 33.5393, 10668.0
87.9, -17.0308, 33.5503, 10668.0
88.5, -16.9492, 33.5584, 10668.0
89.9, -16.7712, 33.5762, 10668.0
90.7, -16.6683, 33.5863, 10668.0
91.2, -16.6033, 33.5927, 10668.0
91.7, -16.5316, 33.5998, 10668.0
92.4, -16.45, 33.6078, 10668.0
92.9, -16.3827, 33.6144, 10668.0
93.4, -16.3174, 33.6209, 10668.0
93.9, -16.2547, 33.6272, 10668.0
94.4, -16.1904, 33.6335, 10668.0
94.9, -16.1241, 33.6397, 10668.0
95.5, -16.045, 33.6418, 10668.0
97.0, -15.8541, 33.6461, 10668.0
99.2, -15.5729, 33.6589, 10668.0
108.6, -14.3915, 33.8199, 11278.0
109.4, -14.2879, 33.8415, 11278.0
109.9, -14.2238, 33.855, 11278.0
110.4, -14.1601, 33.8684, 11278.0
110.9, -14.0972, 33.8817, 11278.0
111.4, -14.0336, 33.895, 11278.0
111.9, -13.9696, 33.9085, 11278.0
112.4, -13.9067, 33.9216, 11278.0
112.9, -13.843, 33.9351, 11278.0
113.4, -13.7806, 33.9481, 11278.0
113.9, -13.7166, 33.9616, 11278.0
114.4, -13.654, 33.9747, 11278.0
114.9, -13.5907, 33.9878, 11278.0
115.4, -13.5267, 34.0011, 11278.0
115.9, -13.4653, 34.0139, 11278.0
174.0, -6.1947, 35.4686, 11278.0
178.5, -5.6368, 35.5883, 11278.0
179.0, -5.5722, 35.6021, 11278.0
181.5, -5.2584, 35.6692, 11278.0
182.0, -5.1953, 35.6827, 11278.0
182.5, -5.1323, 35.6962, 11278.0
186.0, -4.6895, 35.7906, 11278.0
186.5, -4.6247, 35.8043, 11285.0
187.0, -4.5605, 35.8181, 11278.0
187.5, -4.4971, 35.8318, 11278.0
188.0, -4.4323, 35.8457, 11278.0
188.5, -4.3682, 35.8594, 11278.0
189.4, -4.2643, 35.8815, 11278.0
189.9, -4.2015, 35.8948, 11278.0
190.5, -4.1139, 35.9135, 11278.0
191.0, -4.0499, 35.9271, 11278.0
191.9, -3.9445, 35.9496, 11278.0
192.4, -3.8809, 35.9631, 11278.0
192.9, -3.8175, 35.9765, 11278.0
193.4, -3.7547, 35.9898, 11278.0
193.9, -3.6913, 36.0033, 11278.0
194.5, -3.6078, 36.021, 11278.0
195.0, -3.5457, 36.0344, 11278.0
195.5, -3.4825, 36.0478, 11278.0
196.0, -3.4204, 36.0611, 11278.0
196.5, -3.3586, 36.0742, 11278.0
197.0, -3.2946, 36.0878, 11278.0
197.5, -3.2325, 36.1011, 11278.0
198.0, -3.1699, 36.1144, 11278.0
198.5, -3.1203, 36.1235, 11278.0
199.1, -3.0322, 36.1185, 11278.0
199.6, -2.9663, 36.113, 11278.0
200.1, -2.9007, 36.1075, 11278.0
200.6, -2.8357, 36.103, 11278.0
201.6, -2.7094, 36.1209, 11278.0
202.2, -2.6332, 36.1357, 11278.0
202.7, -2.5694, 36.1481, 11278.0
203.2, -2.505, 36.1605, 11278.0
203.8, -2.4408, 36.1729, 11278.0
204.3, -2.377, 36.1851, 11278.0
205.2, -2.2514, 36.2094, 11278.0
205.7, -2.188, 36.2219, 11278.0
206.3, -2.1235, 36.2345, 11278.0
206.8, -2.0608, 36.2465, 11278.0
207.3, -1.9963, 36.259, 11278.0
207.8, -1.9338, 36.271, 11278.0
208.3, -1.8717, 36.283, 11278.0
208.8, -1.8082, 36.2953, 11278.0
209.3, -1.7445, 36.3076, 11278.0
209.8, -1.6814, 36.3199, 11278.0
210.3, -1.6181, 36.3322, 11278.0
210.8, -1.5548, 36.3444, 11278.0
211.3, -1.4914, 36.3566, 11278.0
211.8, -1.4291, 36.3686, 11278.0
212.3, -1.3658, 36.3809, 11278.0
212.8, -1.3033, 36.3928, 11278.0
213.3, -1.2402, 36.4049, 11278.0
213.8, -1.178, 36.417, 11278.0
214.3, -1.1159, 36.429, 11278.0
215.1, -1.017, 36.4482, 11278.0
215.6, -0.9527, 36.4605, 11278.0
216.1, -0.891, 36.4724, 11278.0
216.6, -0.8291, 36.4844, 11278.0
217.1, -0.7664, 36.4966, 11278.0
217.6, -0.7044, 36.5086, 11278.0
218.1, -0.643, 36.5205, 11278.0
218.6, -0.581, 36.5325, 11278.0
219.1, -0.5198, 36.5442, 11278.0
219.6, -0.4568, 36.5564, 11278.0
220.1, -0.3945, 36.5684, 11278.0
220.6, -0.3324, 36.5802, 11278.0
221.1, -0.2716, 36.5919, 11278.0
221.6, -0.209, 36.6041, 11278.0
222.1, -0.1472, 36.616, 11285.0
222.6, -0.0846, 36.6281, 11278.0
223.1, -0.0227, 36.6401, 11278.0
223.6, 0.0401, 36.6523, 11278.0
224.1, 0.1028, 36.6645, 11278.0
224.6, 0.1653, 36.6765, 11278.0
225.1, 0.2283, 36.6886, 11278.0
225.6, 0.2906, 36.7006, 11278.0
226.1, 0.3529, 36.7126, 11278.0
226.7, 0.4301, 36.7275, 11278.0
227.6, 0.54, 36.7488, 11278.0
228.1, 0.6006, 36.7605, 11278.0
228.6, 0.6636, 36.7727, 11278.0
229.2, 0.736, 36.7867, 11278.0
230.1, 0.8462, 36.8079, 11278.0
230.8, 0.9304, 36.8241, 11278.0
231.3, 0.9924, 36.8361, 11278.0
231.8, 1.0544, 36.8481, 11278.0
232.3, 1.1162, 36.8601, 11278.0
232.8, 1.1781, 36.872, 11278.0
233.3, 1.24, 36.8839, 11278.0
233.8, 1.302, 36.8958, 11285.0
234.3, 1.3625, 36.9076, 11278.0
235.3, 1.4808, 36.9307, 11278.0
235.9, 1.5601, 36.9459, 11278.0
236.4, 1.6227, 36.9578, 11278.0
236.9, 1.6858, 36.97, 11278.0
237.4, 1.749, 36.9823, 11278.0
237.9, 1.8126, 36.9945, 11278.0
238.4, 1.8755, 37.0067, 11278.0
238.9, 1.9376, 37.0187, 11278.0
239.4, 2.0021, 37.0311, 11278.0
239.9, 2.065, 37.0432, 11278.0
240.4, 2.1277, 37.0554, 11278.0
240.9, 2.1916, 37.0679, 11278.0
241.5, 2.2634, 37.0818, 11278.0
242.0, 2.3257, 37.0938, 11278.0
242.5, 2.3888, 37.1059, 11278.0
243.0, 2.452, 37.1183, 11278.0
243.5, 2.5134, 37.1302, 11278.0
244.0, 2.5743, 37.1421, 11278.0
244.5, 2.6376, 37.1543, 11278.0
245.0, 2.6996, 37.1662, 11278.0
245.5, 2.762, 37.1783, 11278.0
246.0, 2.8229, 37.19, 11278.0
246.5, 2.8846, 37.202, 11278.0
247.0, 2.9467, 37.214, 11278.0
248.0, 3.0699, 37.2379, 11278.0
248.5, 3.1311, 37.2498, 11278.0
249.0, 3.1925, 37.2617, 11278.0
250.0, 3.316, 37.2855, 11278.0
251.0, 3.4387, 37.3092, 11278.0
251.5, 3.5001, 37.3212, 11278.0
252.0, 3.5627, 37.3333, 11278.0
252.5, 3.6246, 37.3453, 11278.0
253.0, 3.6871, 37.3574, 11278.0
253.5, 3.75, 37.3696, 11278.0
254.5, 3.8759, 37.394, 11285.0
255.0, 3.9387, 37.4063, 11278.0
